3.257325 
2.789761 
3.128496 
3.431294 
2.841440 
3.155019 
2.815041 
3.422908 
2.905766 
2.603838 
3.344864 
3.473334 
2.910255 
2.764708 
2.891538 
2.920039 
3.416550 
2.609432 
2.857929 
3.166986 
3.088105 
3.501919 
2.681160 
3.293277 
3.150000 
2.776673 
2.787267 
3.451484 
2.898439 
2.846958 
2.885545 
3.275655 
2.489940 
3.442663 
2.922576 
3.039029 
3.200204 
3.047844 
3.425948 
2.971414 
2.932683 
3.357959 
3.047662 
3.046274 
2.426825 
3.136792 
2.727225 
2.877487 
2.906014 
3.043056 
3.304427 
3.105804 
2.725192 
2.766696 
3.151816 
3.264985 
3.248173 
2.564871 
3.626847 
2.967626 
2.594643 
3.137620 
2.903731 
3.200679 
3.566843 
2.913229 
2.784962 
3.080648 
3.205949 
2.883272 
3.172535 
2.748486 
3.158129 
2.637347 
2.738856 
3.044167 
2.630297 
3.107498 
3.217331 
3.160955 
2.885547 
2.972320 
3.122646 
2.819353 
2.998278 
3.060760 
2.800742 
3.050747 
3.189007 
2.375599 
2.838462 
3.340730 
3.108866 
2.746624 
2.702902 
2.842122 
3.353795 
3.033485 
3.120434 
3.107666 
